0 
22 0 
46 65 0 
42 64 76 0 
115 138 158 132 0 
30 11 77 53 126 0 
126 149 161 107 25 138 0 
38 61 73 3 135 53 110 0 
28 51 63 33 99 39 98 36 0 
58 77 31 45 170 89 145 41 71 0 
61 80 20 55 173 91 148 52 74 10 0 
201 220 154 181 313 232 288 178 214 142 140 0 
23 45 57 30 101 34 103 34 5 69 72 212 0 
24 3 61 67 140 15 151 63 53 73 76 216 47 0 
11 34 58 31 103 22 115 35 16 70 73 213 11 36 0 
4 18 50 46 120 27 131 43 33 62 64 205 27 20 16 0 
12 34 56 30 103 23 114 33 16 68 71 211 10 37 2 16 0 
6 16 50 48 121 26 133 44 34 62 65 205 29 18 17 1 18 0 
240 259 193 220 352 270 327 216 253 181 178 38 251 255 252 243 250 244 0 
9 28 56 36 109 20 120 33 22 68 71 211 16 30 5 10 6 12 249 0 
4 27 51 37 111 25 122 34 24 63 65 206 18 29 7 9 7 10 244 5 0 
30 48 16 71 145 60 156 67 58 28 31 171 52 44 41 33 41 34 210 39 34 0 
110 132 154 127 5 121 20 131 94 166 169 309 97 134 98 114 97 116 348 104 105 139 0 
33 51 13 65 144 63 150 61 51 25 28 168 46 47 44 36 42 37 207 42 37 6 140 0 
18 9 65 55 128 11 139 51 41 77 80 220 35 12 24 15 25 14 259 18 17 48 122 51 0 
181 163 228 201 69 151 94 205 168 240 243 383 171 167 169 178 172 177 422 172 177 211 74 214 162 0 
27 40 25 70 143 52 154 66 56 37 39 180 51 36 39 25 40 25 218 34 32 8 138 11 40 203 0 
17 11 64 53 127 12 138 50 40 76 79 219 34 13 23 14 23 13 258 17 15 47 121 50 1 163 39 0 
88 110 122 69 62 99 38 73 59 108 111 251 65 113 76 92 76 94 290 82 83 117 58 111 101 132 116 99 0 
12 17 48 55 128 29 139 51 41 60 62 203 35 13 24 8 24 6 241 18 17 31 122 34 17 180 22 16 100 0 
34 53 13 62 146 64 147 59 49 24 26 167 45 49 46 37 44 38 205 44 38 8 142 2 53 216 12 52 108 35 0 
32 10 59 75 148 21 159 71 61 71 74 214 56 8 44 28 45 26 253 39 37 42 143 45 20 168 34 21 121 20 47 0 
52 70 24 52 164 82 139 48 65 6 9 149 62 67 64 55 61 56 188 61 56 22 159 19 71 234 30 70 101 53 17 65 0 
126 149 160 84 108 137 83 87 97 129 139 205 103 151 114 131 114 132 243 120 122 155 104 149 139 178 154 137 46 139 146 159 136 0 
37 56 22 54 149 68 139 50 50 20 23 163 48 52 49 41 47 41 202 47 42 17 145 11 56 219 16 55 100 39 8 50 14 138 0 
17 33 32 59 132 45 143 55 45 43 46 186 40 29 28 18 29 18 225 24 21 15 127 18 33 196 10 32 105 16 19 27 37 143 22 0 
94 117 135 109 23 105 32 112 75 147 150 290 78 119 82 99 82 100 329 88 90 124 18 121 107 92 122 106 39 107 123 127 141 85 126 111 0 
101 124 136 73 58 112 33 76 72 112 115 255 78 126 89 106 89 107 293 95 97 130 54 124 114 128 129 113 13 114 122 134 111 50 113 118 35 0 
59 77 12 76 170 89 161 73 71 31 21 142 69 73 70 62 68 63 181 68 63 28 166 26 77 240 37 76 122 60 24 71 24 160 22 44 147 136 0 
23 41 23 65 138 53 150 61 51 35 38 178 46 37 34 26 35 27 217 32 27 7 133 10 41 204 4 40 111 24 11 35 29 149 14 8 117 124 36 0 
53 71 6 74 165 83 159 71 66 29 19 148 63 67 64 56 62 57 187 62 57 23 160 20 71 234 31 71 120 54 18 66 22 158 20 38 141 134 5 30 0 
46 57 11 88 162 68 173 85 75 43 32 163 69 53 58 41 58 42 201 52 50 17 156 23 57 220 18 56 134 39 25 51 36 172 34 29 141 148 20 23 14 0 
86 103 133 106 34 92 45 110 73 145 148 288 75 105 74 85 76 87 326 77 82 116 28 119 93 95 109 92 36 93 121 114 138 83 124 101 13 33 145 109 139 127 0 
108 130 142 76 55 119 30 79 79 114 121 257 84 132 96 112 95 114 296 101 103 137 51 131 120 125 136 119 19 120 128 140 117 52 120 125 32 6 142 131 140 154 30 0 
112 134 146 70 104 123 79 73 83 115 125 209 89 137 100 116 100 118 247 106 107 141 100 135 125 174 140 123 42 125 132 145 122 14 124 129 81 46 146 135 144 158 79 48 0 
63 82 23 53 175 94 150 50 76 8 2 138 74 78 75 66 73 67 176 73 68 33 171 30 82 245 41 81 113 64 29 76 11 137 25 48 152 117 23 40 21 35 150 119 123 0 
10 23 57 41 115 20 126 37 28 69 71 211 22 25 11 6 11 6 250 5 5 40 109 43 13 171 31 12 87 13 44 33 62 125 48 25 94 100 69 33 63 48 80 107 111 73 0 
76 98 114 87 44 87 50 91 54 126 129 269 57 100 64 80 63 82 308 70 71 105 39 100 88 114 104 87 18 88 102 109 120 64 105 93 21 25 126 99 120 122 18 31 60 131 75 0 
84 97 131 105 40 85 52 108 72 143 146 286 74 99 73 81 75 80 325 75 80 115 35 117 87 96 106 86 35 87 119 107 137 81 122 99 20 31 143 107 138 123 6 33 77 148 74 17 0 
13 24 40 56 129 36 140 52 42 52 55 195 37 20 25 9 26 10 234 20 18 23 124 26 24 187 15 24 102 7 28 19 46 140 31 8 108 115 52 16 47 32 95 122 126 57 16 90 91 0 
20 23 42 63 136 34 147 59 49 54 56 197 43 19 32 16 33 14 235 26 25 25 130 28 23 186 17 22 109 8 29 17 47 147 33 10 115 122 54 18 48 34 101 128 133 59 21 96 95 6 0 
54 72 34 41 166 84 141 38 67 4 14 147 64 68 65 57 63 58 186 63 58 29 161 23 72 235 32 71 103 55 20 66 10 125 16 39 142 107 35 31 33 46 140 110 111 11 64 121 139 47 49 0 
17 35 29 50 129 47 135 46 37 41 44 184 31 31 28 20 26 21 223 26 21 21 124 15 35 198 19 34 96 18 17 29 35 134 20 8 105 109 41 14 36 38 103 116 120 46 27 84 102 10 12 37 0 
21 8 56 63 137 20 148 60 50 68 71 211 44 4 33 16 33 15 250 27 25 40 131 43 8 171 31 10 109 8 44 11 62 147 47 24 116 123 69 32 63 48 102 129 133 73 22 97 96 16 14 64 27 0 
23 22 70 43 115 10 127 47 28 82 85 225 23 24 11 20 13 19 264 14 19 53 110 56 12 158 45 11 88 22 58 32 75 126 61 38 94 101 82 46 76 62 81 108 112 87 13 76 74 29 28 77 40 21 0 
60 82 94 31 163 82 138 28 64 63 73 149 62 84 63 64 61 66 188 61 56 89 159 83 72 233 88 71 101 72 80 92 69 66 72 77 140 105 94 83 92 106 138 107 59 71 62 119 136 73 80 59 68 81 75 0 
30 49 16 67 142 61 151 63 53 28 30 171 47 45 42 34 40 34 209 40 35 4 138 2 49 212 8 48 113 31 4 43 21 151 12 15 119 126 28 7 22 21 117 132 137 32 40 100 115 24 26 25 16 40 54 84 0 
31 18 78 51 120 6 131 55 33 90 93 233 27 20 19 28 21 27 272 22 27 61 114 64 12 150 53 13 92 30 66 28 83 130 69 46 99 105 90 54 84 70 85 112 116 95 21 80 79 37 36 85 48 21 8 83 62 0 
109 132 154 127 6 120 20 131 94 166 169 309 97 134 97 114 98 115 348 103 105 138 0 140 122 73 137 121 58 122 142 142 160 104 145 126 18 54 166 132 160 156 28 51 100 171 108 40 34 123 130 161 124 131 109 159 138 113 0 
43 61 55 22 155 73 129 19 55 24 34 158 53 57 54 46 52 47 197 52 47 50 150 44 61 224 49 60 92 44 41 55 31 105 33 38 131 96 55 44 53 67 129 99 90 32 53 110 128 36 42 20 29 53 66 38 46 74 150 0 
90 112 124 63 68 101 43 66 61 102 104 245 67 114 78 94 77 96 283 84 85 119 64 113 102 138 118 101 6 102 110 123 99 40 102 107 45 11 124 113 122 136 43 17 36 107 89 24 41 104 110 97 98 111 90 95 115 94 64 86 0 
26 7 72 63 137 10 148 60 50 84 87 227 44 11 33 22 33 21 266 27 25 56 131 59 8 155 47 9 109 24 60 13 78 147 63 40 116 123 85 48 79 64 102 129 133 89 22 97 96 32 30 80 43 15 21 81 56 17 131 69 111 0 
83 90 130 104 47 79 58 107 71 142 145 285 73 92 72 80 74 79 324 74 79 114 42 116 80 97 105 79 34 82 118 100 136 80 121 98 26 33 143 106 137 122 13 40 76 147 73 16 6 90 88 138 101 89 68 135 114 72 41 127 40 89 0 
40 58 6 75 151 70 160 72 62 30 21 161 56 54 51 43 49 44 200 49 44 9 147 10 58 221 18 57 121 41 12 52 23 159 21 25 128 134 19 17 13 13 126 141 145 23 50 109 124 33 35 33 25 50 63 93 9 71 147 54 123 66 123 0 
10 11 54 53 126 23 137 49 39 66 68 209 33 14 22 6 23 4 247 16 15 37 120 40 11 174 28 10 99 6 41 22 59 137 45 22 105 112 66 30 60 45 91 118 123 70 11 86 85 13 11 61 24 10 16 70 37 24 120 50 100 18 78 47 0 
97 119 137 111 21 108 29 114 77 149 152 292 80 121 85 101 84 103 331 90 92 126 16 123 109 90 125 108 41 109 125 130 143 87 128 114 2 37 149 120 144 143 15 34 83 154 96 23 22 111 117 144 107 118 97 142 121 101 16 133 47 118 29 130 107 0 
24 15 71 49 122 5 133 48 35 83 86 226 29 17 18 21 19 20 265 15 20 54 117 57 6 156 46 6 95 23 59 26 77 133 62 39 101 108 83 47 77 63 88 114 119 88 14 83 81 30 29 78 41 14 6 76 55 6 116 67 97 14 74 64 17 103 0 
7 14 50 50 123 26 134 46 36 62 65 205 30 17 19 3 20 1 244 13 12 34 117 37 14 177 25 13 96 4 38 25 56 134 41 18 102 109 63 26 57 42 88 115 120 67 8 83 82 10 13 58 21 13 19 67 34 27 117 47 97 22 79 44 3 104 20 0 
124 129 171 145 12 117 37 148 111 183 186 326 114 131 113 121 115 120 365 115 120 154 17 157 119 56 146 118 75 123 159 139 177 121 162 139 36 71 183 147 178 163 38 68 117 188 114 57 39 131 129 178 141 128 106 176 155 111 17 167 81 128 40 164 117 34 113 120 0 
15 24 62 40 113 14 124 39 26 74 77 217 21 26 9 12 10 11 256 6 11 45 108 48 14 166 37 13 86 14 50 34 67 124 53 30 92 99 74 38 68 54 79 106 110 79 5 74 72 21 22 69 32 23 7 67 46 15 107 58 88 23 68 55 12 95 9 11 109 0 
47 69 81 20 111 58 86 24 18 59 62 202 24 71 35 51 34 53 241 41 42 76 106 70 59 181 75 58 48 59 67 80 56 79 59 64 88 54 81 70 79 93 85 60 65 64 46 67 84 61 67 54 55 68 47 52 71 51 107 43 43 68 83 80 57 90 54 54 124 45 0 
61 79 52 41 173 91 148 37 74 21 31 140 71 76 73 64 70 65 179 70 65 47 168 41 80 243 45 79 110 62 38 74 27 108 30 46 150 114 52 41 50 64 147 117 94 29 71 129 146 55 56 17 44 71 84 42 42 92 169 18 104 87 145 51 68 152 86 65 186 76 61 0 
115 134 68 112 227 146 202 108 128 66 56 86 126 130 127 119 125 119 124 125 120 85 223 82 134 297 93 133 165 116 81 128 63 196 77 100 204 171 56 92 62 77 202 177 182 58 125 183 200 109 111 70 98 125 139 129 85 147 223 91 160 141 199 75 122 206 140 119 240 131 117 87 0 
39 62 74 11 120 50 95 14 21 50 53 193 19 64 27 44 27 45 231 33 35 68 116 62 52 190 67 51 58 52 60 72 49 86 51 56 97 62 74 62 72 85 95 68 72 55 38 76 93 53 60 45 47 61 39 43 64 43 116 34 51 60 92 72 50 99 46 47 133 37 9 52 109 0 
20 2 64 62 136 12 147 59 49 76 78 219 43 4 32 15 32 14 257 26 24 47 130 50 7 164 39 9 108 16 51 12 69 146 55 32 115 122 76 40 70 56 101 128 132 81 21 96 95 23 22 71 34 7 20 80 48 16 130 60 110 8 88 57 10 117 13 13 127 22 67 78 133 60 0 
11 14 51 53 127 26 138 50 40 63 65 206 34 13 23 6 23 5 244 17 15 34 121 37 14 177 25 13 99 2 38 21 56 137 42 19 106 113 63 27 57 42 92 119 123 67 12 87 86 10 9 58 21 10 19 71 34 27 121 47 101 21 79 44 3 108 20 3 120 13 58 65 119 51 13 0 
93 112 46 88 205 124 180 84 106 42 32 108 104 108 105 97 103 97 146 103 98 63 201 60 112 275 71 111 143 94 59 106 41 172 55 78 182 147 34 70 40 55 180 154 158 34 103 161 178 87 89 46 76 103 117 106 63 125 201 67 137 119 177 53 100 184 118 97 218 109 94 63 23 85 111 97 0 
78 97 59 58 190 109 165 55 91 27 38 122 89 93 90 82 88 83 161 88 83 54 186 48 97 260 57 96 128 80 45 91 34 101 41 64 167 132 59 56 57 71 165 134 87 36 89 146 163 72 74 24 61 89 102 35 49 110 186 35 122 105 162 58 86 169 103 83 203 94 79 17 94 70 96 83 70 0 
58 76 11 81 170 88 166 78 71 36 25 143 68 72 69 61 67 62 182 67 62 28 165 25 76 239 36 75 127 59 23 70 29 165 27 43 146 141 4 35 6 19 144 147 151 28 68 125 143 51 53 39 40 68 81 99 27 89 165 60 129 84 142 18 65 148 82 62 182 73 86 57 57 78 75 62 35 64 0 
209 227 162 189 321 239 296 185 222 150 147 21 219 223 221 212 218 213 31 218 213 179 316 176 228 390 187 227 258 210 174 222 156 212 171 194 298 262 150 186 156 170 295 265 216 145 219 276 294 203 204 155 192 219 232 157 178 240 317 166 252 235 293 169 216 300 234 213 334 224 209 147 93 200 226 213 115 130 151 0 
15 22 62 42 115 14 127 39 28 74 77 217 23 24 11 12 12 11 256 6 11 45 110 48 12 165 37 11 88 14 50 32 68 126 53 30 94 101 74 38 69 54 81 108 112 79 5 76 74 22 20 70 33 21 7 67 46 15 109 59 90 21 68 55 10 97 8 11 108 2 47 77 131 39 20 11 109 94 74 225 0 
113 136 148 71 62 124 37 74 84 116 127 251 90 138 101 118 101 119 289 107 109 142 58 136 126 132 141 125 25 126 134 146 123 46 125 130 39 11 148 136 146 159 37 6 42 124 112 37 38 127 134 113 121 135 113 101 138 117 58 92 23 134 45 146 124 41 120 121 75 111 66 110 183 74 134 125 159 128 153 258 113 0 
22 17 69 47 120 7 131 46 33 81 84 224 28 19 16 19 17 18 263 13 18 53 115 55 7 158 44 6 93 21 57 27 75 131 60 37 99 106 82 45 76 61 86 112 117 86 12 81 79 29 27 77 40 16 4 74 53 8 114 66 95 16 72 62 15 102 1 18 111 7 52 84 138 44 15 18 116 101 81 232 7 118 0 
82 101 35 89 194 112 174 86 95 44 34 119 93 97 94 85 92 86 158 91 86 52 190 49 101 264 60 100 135 83 47 95 37 174 44 67 171 149 23 59 29 43 168 155 159 36 92 150 167 76 77 48 65 92 105 107 51 114 190 69 137 108 166 42 89 173 107 86 207 98 94 65 33 87 99 86 11 72 24 126 98 161 105 0 
37 14 70 79 153 26 164 76 66 82 85 225 60 12 49 32 49 31 264 43 41 53 147 56 24 169 45 25 125 24 58 11 76 163 61 38 132 139 82 46 77 62 118 145 149 87 38 113 112 30 28 78 41 15 37 97 54 33 147 67 127 16 105 63 26 134 30 29 144 39 84 85 139 77 16 25 117 102 82 233 37 151 32 106 0 
84 95 131 104 43 83 54 107 71 143 145 286 73 97 72 81 74 80 324 74 79 114 37 117 85 97 106 84 34 85 118 105 136 81 122 99 22 30 143 107 137 122 8 35 77 147 74 16 2 90 93 138 101 94 72 136 115 77 36 127 40 94 4 124 83 24 79 80 40 70 83 145 200 92 93 84 178 163 142 293 72 40 77 166 110 0 
17 5 62 59 133 14 144 56 46 74 77 217 40 7 29 12 29 11 256 23 21 45 127 48 4 166 37 6 105 14 50 15 67 143 53 30 112 119 74 38 68 54 98 125 129 79 18 93 92 21 20 69 32 5 17 77 46 15 127 58 107 10 85 55 8 114 10 11 124 19 64 76 131 57 3 11 109 94 73 224 17 131 12 98 19 90 0 
13 22 42 55 129 34 140 52 42 54 57 197 36 19 25 8 25 8 236 19 17 25 123 28 23 186 17 22 101 5 30 19 47 140 33 10 108 115 54 18 48 34 94 121 125 59 14 89 89 1 7 49 12 14 27 73 26 35 123 38 103 30 88 35 11 110 29 8 129 19 60 56 111 53 21 8 89 74 53 204 20 127 27 78 28 88 19 0 
10 12 57 52 125 19 136 48 38 69 71 212 32 14 21 7 22 6 250 16 14 40 120 43 8 171 32 7 98 9 44 23 62 136 48 25 104 111 69 33 63 48 91 117 122 74 10 86 84 16 14 64 27 11 13 69 41 21 119 53 100 15 77 50 3 106 14 6 116 11 57 71 126 49 10 6 104 89 68 219 9 123 12 92 27 82 7 14 0 
24 17 71 47 120 6 131 48 33 83 86 226 28 19 16 21 17 20 265 15 20 54 115 57 7 157 46 6 93 23 59 27 77 131 62 39 99 106 83 47 77 63 86 113 117 88 14 81 79 30 29 78 41 16 4 76 55 6 114 67 95 16 72 64 17 102 1 20 111 9 52 86 140 44 15 20 118 103 82 233 8 118 1 107 32 77 12 29 14 0 
17 11 64 53 126 12 137 49 39 76 78 219 33 13 22 14 23 13 257 16 15 47 121 50 1 164 39 0 99 16 51 22 69 137 55 32 105 112 76 40 70 55 92 118 123 81 11 87 85 23 21 71 34 10 10 70 48 14 120 60 101 10 78 57 10 107 7 13 117 12 58 78 133 50 9 13 111 96 75 226 10 124 5 99 26 83 6 21 7 7 0 
107 129 141 64 108 118 83 68 78 110 120 204 83 131 95 111 94 113 243 100 102 136 104 130 119 178 135 118 46 119 127 140 116 19 119 124 85 50 141 130 139 153 83 52 5 118 106 64 81 121 127 106 115 128 107 54 131 111 104 85 40 128 80 140 117 87 113 114 121 105 59 89 176 67 127 118 153 82 146 212 107 46 112 154 144 81 124 120 116 112 117 0 
11 11 57 53 126 19 137 49 39 69 72 212 33 14 22 7 23 6 251 16 15 41 120 44 7 170 32 6 99 9 45 22 63 137 48 25 105 112 70 33 64 49 91 118 123 74 11 86 85 17 15 65 28 10 12 70 41 20 120 54 100 15 78 51 3 107 13 6 117 12 57 72 126 50 9 6 104 90 69 220 10 124 11 93 26 83 6 15 0 13 6 117 0 
20 15 49 62 136 27 147 58 49 61 64 204 43 11 32 15 32 14 243 26 24 33 130 35 15 178 24 14 108 7 37 12 55 146 40 17 115 121 61 25 56 41 101 128 132 66 21 96 95 9 7 57 20 7 20 80 33 28 129 46 110 23 88 42 9 117 21 12 127 22 67 64 118 59 14 8 96 81 61 212 20 133 20 85 20 93 12 7 10 21 14 127 9 0 
22 19 46 64 138 31 149 61 51 58 60 200 45 15 34 17 34 16 239 28 26 29 132 32 19 182 20 18 110 9 33 13 51 148 37 14 117 124 58 22 52 37 103 130 134 62 23 98 97 8 3 53 16 10 24 82 29 32 132 43 112 26 90 39 11 119 25 14 129 24 69 60 114 62 18 10 92 78 57 208 22 136 23 81 24 95 16 8 12 25 18 129 11 3 0 
136 159 171 94 117 147 92 98 108 139 150 196 113 161 124 141 124 142 235 130 132 166 112 159 149 186 164 148 54 149 157 169 146 10 148 153 93 58 171 159 169 183 91 61 24 148 136 72 90 150 157 136 145 158 136 76 161 141 112 115 48 158 89 170 147 95 143 144 130 134 89 118 206 97 157 148 182 111 176 218 136 54 141 184 174 89 154 150 146 141 147 29 147 157 159 0 
91 102 138 112 35 90 47 115 79 150 153 293 81 104 80 88 82 87 332 82 87 121 30 124 92 89 113 91 42 92 126 112 144 88 129 106 15 38 150 114 145 130 5 35 84 155 81 24 6 98 100 146 109 101 79 143 122 84 29 135 48 101 11 131 90 17 86 87 32 77 91 153 207 100 100 91 185 170 150 301 79 42 84 174 117 7 97 96 89 84 90 88 90 100 102 97 0 
26 29 36 68 142 41 153 65 55 48 50 191 49 25 38 21 38 20 229 32 30 19 136 22 29 192 11 28 114 13 23 23 41 152 27 9 121 128 48 12 42 27 107 134 138 53 27 102 101 12 6 43 18 20 34 86 20 42 136 47 116 36 94 29 17 123 35 18 135 28 73 50 105 66 28 14 83 68 47 198 26 140 33 71 34 99 26 12 21 35 28 133 21 13 9 163 106 0 
18 15 65 49 123 12 134 46 36 77 79 220 30 17 19 14 19 14 258 13 13 48 117 51 5 163 40 4 95 17 52 25 70 133 56 33 102 109 77 41 71 56 88 115 119 81 8 83 82 24 22 72 35 14 7 70 49 13 117 61 97 13 75 58 11 104 6 14 114 9 54 79 134 46 13 14 112 97 76 227 7 121 4 100 30 80 10 22 7 6 3 114 7 15 19 144 87 28 0 
48 66 67 28 160 78 135 24 61 36 46 153 58 62 60 51 57 52 192 57 52 62 155 56 67 229 60 66 97 49 53 65 42 93 45 49 137 101 67 56 65 79 134 104 79 44 58 115 133 46 53 32 41 58 71 27 57 79 156 11 91 74 132 66 55 139 73 52 173 63 48 15 102 39 65 52 78 30 72 161 64 97 71 80 72 132 63 46 58 72 65 74 59 53 55 103 140 59 66 0 